7829 100
47943530 625
52246066 943
95229718 659
25247795 404
53715643 756
50669976 895
69546759 233
91916364 237
1511263 345
53489933 177
3659122 998
11514533 502
37178161 490
47360820 238
64644006 996
6970785 163
46106325 699
85852104 959
23382053 945
20653008 942
58396950 800
4730395 140
33450063 744
49188202 158
31871405 192
98490173 251
60701278 434
4940526 678
14740464 195
91077966 322
55603641 697
75342992 669
48254136 149
30255363 628
44906281 838
27778076 813
76152392 675
95546102 287
29704560 588
48202640 218
54237126 681
58212592 568
91474005 522
42212374 234
85885609 195
38207166 780
54143405 678
35741175 457
41825824 560
13543372 885
34777419 726
25090696 285
8993925 983
70032620 881
5938991 817
2485422 665
95794177 577
71831512 709
45301879 617
25848555 920
7581668 819
5745129 204
32583634 603
29994065 170
6688114 887
22731638 601
28369311 875
80930156 486
93811068 182
8553486 336
45896245 202
35469527 115
54086838 939
10020525 634
9370205 944
42841686 494
95667450 466
25770359 562
30883224 455
17502659 531
69121927 601
47031238 183
84503430 318
58837409 511
82482246 936
82312822 948
42607181 942
93950246 372
59254247 264
22470085 801
84023839 699
82238580 743
25213823 274
11085731 606
38063454 945
86945312 955
92308696 347
49616389 897
74997719 476
33385158 146