260 100
98612 4
11970 9
22522 1
51310 6
24298 1
41458 2
94264 7
41232 9
29096 4
65736 5
92581 4
81603 3
73130 7
44953 4
82033 9
43411 7
61848 4
12613 2
93473 6
41184 4
15004 7
76361 6
79740 1
29135 7
76372 9
13080 7
53778 1
46868 6
73678 5
84900 2
32857 5
9434 5
28672 8
23139 5
25108 3
19077 3
3792 1
11806 2
25054 10
44486 10
48368 9
78679 4
9346 8
91861 9
51805 4
10573 9
46385 3
56638 3
21696 2
71844 6
70032 3
37169 5
55309 2
85701 8
68107 4
54189 3
81391 1
48411 4
88864 1
6392 8
61733 9
80948 4
81135 2
30929 9
92454 10
95172 4
98351 1
90153 10
65423 10
66097 4
49121 10
80433 1
44800 6
62328 5
63580 3
19352 10
88106 1
93228 2
21177 4
88115 8
29791 8
51890 1
44132 7
36481 9
63741 6
57491 8
61222 1
30044 3
45652 5
55083 1
1119 2
46186 5
66749 9
5400 2
42963 10
45511 3
72763 5
61764 8
82360 3
34094 7