33629 100
42080 470
76666 977
17551 514
32113 221
37438 104
10073 241
44135 955
88117 443
43528 301
47079 918
15928 508
93102 252
27556 298
42569 205
85798 741
76094 531
93140 743
47328 580
64895 157
97690 492
74616 867
46856 259
40431 946
65297 941
93475 596
7017 682
34016 154
68235 465
3955 408
70710 462
69922 535
11154 951
89408 961
88261 404
87047 868
92704 286
5462 237
40733 271
34941 557
74901 820
46600 607
97850 672
28686 370
17154 179
17177 584
56717 196
69958 351
77374 652
28485 322
88058 703
42098 641
45111 604
21906 600
37136 565
25507 368
80199 982
36752 474
39077 897
24181 814
38804 715
31834 802
38776 543
80717 352
85360 128
54351 362
44087 797
17597 413
21312 121
6158 329
25493 560
27090 540
78142 472
45993 682
65953 694
24564 422
66577 789
44717 241
17108 494
16555 922
70474 695
63164 576
98567 105
35400 845
18295 535
24635 723
79434 360
78757 809
95632 539
12647 501
95810 787
26828 605
66711 169
2971 732
8428 356
24619 973
7348 546
19554 575
11152 324
77038 226
76273 430